 Entering Gaussian System, Link 0=g16
 Initial command:
 /opt/sw/arch/manual/gaussian/G16_A03/g16/l1.exe "/scratch/1030807.jesse.materianova.be/Gau-26805.inp" -scrdir="/scratch/1030807.jesse.materianova.be/"
 Entering Link 1 = /opt/sw/arch/manual/gaussian/G16_A03/g16/l1.exe PID=     26806.
  
 Copyright (c) 1988,1990,1992,1993,1995,1998,2003,2009,2016,
            Gaussian, Inc.  All Rights Reserved.
  
 This is part of the Gaussian(R) 16 program.  It is based on
 the Gaussian(R) 09 system (copyright 2009, Gaussian, Inc.),
 the Gaussian(R) 03 system (copyright 2003, Gaussian, Inc.),
 the Gaussian(R) 98 system (copyright 1998, Gaussian, Inc.),
 the Gaussian(R) 94 system (copyright 1995, Gaussian, Inc.),
 the Gaussian 92(TM) system (copyright 1992, Gaussian, Inc.),
 the Gaussian 90(TM) system (copyright 1990, Gaussian, Inc.),
 the Gaussian 88(TM) system (copyright 1988, Gaussian, Inc.),
 the Gaussian 86(TM) system (copyright 1986, Carnegie Mellon
 University), and the Gaussian 82(TM) system (copyright 1983,
 Carnegie Mellon University). Gaussian is a federally registered
 trademark of Gaussian, Inc.
  
 This software contains proprietary and confidential information,
 including trade secrets, belonging to Gaussian, Inc.
  
 This software is provided under written license and may be
 used, copied, transmitted, or stored only in accord with that
 written license.
  
 The following legend is applicable only to US Government
 contracts under FAR:
  
                    RESTRICTED RIGHTS LEGEND
  
 Use, reproduction and disclosure by the US Government is
 subject to restrictions as set forth in subparagraphs (a)
 and (c) of the Commercial Computer Software - Restricted
 Rights clause in FAR 52.227-19.
  
 Gaussian, Inc.
 340 Quinnipiac St., Bldg. 40, Wallingford CT 06492
  
  
 ---------------------------------------------------------------
 Warning -- This program may not be used in any manner that
 competes with the business of Gaussian, Inc. or will provide
 assistance to any competitor of Gaussian, Inc.  The licensee
 of this program is prohibited from giving any competitor of
 Gaussian, Inc. access to this program.  By using this program,
 the user acknowledges that Gaussian, Inc. is engaged in the
 business of creating and licensing software in the field of
 computational chemistry and represents and warrants to the
 licensee that it is not a competitor of Gaussian, Inc. and that
 it will not use this program in any manner prohibited above.
 ---------------------------------------------------------------
  

 Cite this work as:
 Gaussian 16, Revision A.03,
 M. J. Frisch, G. W. Trucks, H. B. Schlegel, G. E. Scuseria, 
 M. A. Robb, J. R. Cheeseman, G. Scalmani, V. Barone, 
 G. A. Petersson, H. Nakatsuji, X. Li, M. Caricato, A. V. Marenich, 
 J. Bloino, B. G. Janesko, R. Gomperts, B. Mennucci, H. P. Hratchian, 
 J. V. Ortiz, A. F. Izmaylov, J. L. Sonnenberg, D. Williams-Young, 
 F. Ding, F. Lipparini, F. Egidi, J. Goings, B. Peng, A. Petrone, 
 T. Henderson, D. Ranasinghe, V. G. Zakrzewski, J. Gao, N. Rega, 
 G. Zheng, W. Liang, M. Hada, M. Ehara, K. Toyota, R. Fukuda, 
 J. Hasegawa, M. Ishida, T. Nakajima, Y. Honda, O. Kitao, H. Nakai, 
 T. Vreven, K. Throssell, J. A. Montgomery, Jr., J. E. Peralta, 
 F. Ogliaro, M. J. Bearpark, J. J. Heyd, E. N. Brothers, K. N. Kudin, 
 V. N. Staroverov, T. A. Keith, R. Kobayashi, J. Normand, 
 K. Raghavachari, A. P. Rendell, J. C. Burant, S. S. Iyengar, 
 J. Tomasi, M. Cossi, J. M. Millam, M. Klene, C. Adamo, R. Cammi, 
 J. W. Ochterski, R. L. Martin, K. Morokuma, O. Farkas, 
 J. B. Foresman, and D. J. Fox, Gaussian, Inc., Wallingford CT, 2016.
 
 ******************************************
 Gaussian 16:  EM64L-G16RevA.03 25-Dec-2016
                 9-Jul-2024 
 ******************************************
 %nprocshared=3
 Will use up to    3 processors via shared memory.
 %mem=6GB
 %Chk=KIDHWZJUCRJVML-UHFFFAOYSA-N_conf_2_0.chk
 -------------------------------------------------------
 # opt=CalcFc B3LYP/6-31G** SCRF=(Solvent=water) scf=xqc
 -------------------------------------------------------
 1/10=4,18=20,19=15,26=3,38=1/1,3;
 2/9=110,12=2,17=6,18=5,40=1/2;
 3/5=1,6=6,7=101,11=2,25=1,30=1,70=2201,71=2,72=1,74=-5,140=1/1,2,3;
 4//1;
 5/5=2,8=3,13=1,38=5,53=1/2,8;
 8/6=4,10=90,11=11/1;
 11/6=1,8=1,9=11,15=111,16=1/1,2,10;
 10/6=1,13=1/2;
 6/7=2,8=2,9=2,10=2,28=1/1;
 7/10=1,18=20,25=1/1,2,3,16;
 1/10=4,18=20,19=15,26=3/3(2);
 2/9=110/2;
 99//99;
 2/9=110/2;
 3/5=1,6=6,7=101,11=2,25=1,30=1,70=2205,71=1,72=1,74=-5/1,2,3;
 4/5=5,16=3,69=1/1;
 5/5=2,8=3,13=1,38=5,53=1/2,8;
 7//1,2,3,16;
 1/18=20,19=15,26=3/3(-5);
 2/9=110/2;
 6/7=2,8=2,9=2,10=2,19=2,28=1/1;
 99/9=1/99;
 ----------------------------------
 KIDHWZJUCRJVML-UHFFFAOYSA-N_conf_2
 ----------------------------------
 Symbolic Z-matrix:
 Charge =  0 Multiplicity = 1
 N                    -2.94578   0.05095   0.36587 
 C                    -1.54071  -0.31256   0.5141 
 C                    -0.72167   0.17682  -0.68054 
 C                     0.74656  -0.25799  -0.62555 
 C                     1.52083   0.37742   0.52956 
 N                     2.92964   0.00167   0.48087 
 H                    -3.03138   1.06235   0.27008 
 H                    -3.31453  -0.34445  -0.49841 
 H                    -1.46345  -1.40105   0.60731 
 H                    -1.16919   0.12414   1.44595 
 H                    -0.77663   1.2705   -0.75077 
 H                    -1.15826  -0.22057  -1.60599 
 H                     1.21888   0.02284  -1.57583 
 H                     0.80156  -1.35182  -0.55774 
 H                     1.44265   1.46889   0.48433 
 H                     1.11318   0.05853   1.49351 
 H                     3.01643  -1.01361   0.51431 
 H                     3.33186   0.28793  -0.41108 
 

 GradGradGradGradGradGradGradGradGradGradGradGradGradGradGradGradGradGrad
 Berny optimization.
 Initialization pass.
                           ----------------------------
                           !    Initial Parameters    !
                           ! (Angstroms and Degrees)  !
 --------------------------                            --------------------------
 ! Name  Definition              Value          Derivative Info.                !
 --------------------------------------------------------------------------------
 ! R1    R(1,2)                  1.4589         calculate D2E/DX2 analytically  !
 ! R2    R(1,7)                  1.0195         calculate D2E/DX2 analytically  !
 ! R3    R(1,8)                  1.0195         calculate D2E/DX2 analytically  !
 ! R4    R(2,3)                  1.5289         calculate D2E/DX2 analytically  !
 ! R5    R(2,9)                  1.0952         calculate D2E/DX2 analytically  !
 ! R6    R(2,10)                 1.0941         calculate D2E/DX2 analytically  !
 ! R7    R(3,4)                  1.5322         calculate D2E/DX2 analytically  !
 ! R8    R(3,11)                 1.0973         calculate D2E/DX2 analytically  !
 ! R9    R(3,12)                 1.0977         calculate D2E/DX2 analytically  !
 ! R10   R(4,5)                  1.5289         calculate D2E/DX2 analytically  !
 ! R11   R(4,13)                 1.0977         calculate D2E/DX2 analytically  !
 ! R12   R(4,14)                 1.0973         calculate D2E/DX2 analytically  !
 ! R13   R(5,6)                  1.4589         calculate D2E/DX2 analytically  !
 ! R14   R(5,15)                 1.0952         calculate D2E/DX2 analytically  !
 ! R15   R(5,16)                 1.0941         calculate D2E/DX2 analytically  !
 ! R16   R(6,17)                 1.0195         calculate D2E/DX2 analytically  !
 ! R17   R(6,18)                 1.0195         calculate D2E/DX2 analytically  !
 ! A1    A(2,1,7)              109.7306         calculate D2E/DX2 analytically  !
 ! A2    A(2,1,8)              109.7477         calculate D2E/DX2 analytically  !
 ! A3    A(7,1,8)              105.946          calculate D2E/DX2 analytically  !
 ! A4    A(1,2,3)              110.9034         calculate D2E/DX2 analytically  !
 ! A5    A(1,2,9)              108.9193         calculate D2E/DX2 analytically  !
 ! A6    A(1,2,10)             108.3083         calculate D2E/DX2 analytically  !
 ! A7    A(3,2,9)              110.2942         calculate D2E/DX2 analytically  !
 ! A8    A(3,2,10)             110.8441         calculate D2E/DX2 analytically  !
 ! A9    A(9,2,10)             107.4727         calculate D2E/DX2 analytically  !
 ! A10   A(2,3,4)              113.2314         calculate D2E/DX2 analytically  !
 ! A11   A(2,3,11)             110.0114         calculate D2E/DX2 analytically  !
 ! A12   A(2,3,12)             109.2572         calculate D2E/DX2 analytically  !
 ! A13   A(4,3,11)             109.4588         calculate D2E/DX2 analytically  !
 ! A14   A(4,3,12)             107.9769         calculate D2E/DX2 analytically  !
 ! A15   A(11,3,12)            106.6754         calculate D2E/DX2 analytically  !
 ! A16   A(3,4,5)              113.2314         calculate D2E/DX2 analytically  !
 ! A17   A(3,4,13)             107.9769         calculate D2E/DX2 analytically  !
 ! A18   A(3,4,14)             109.4588         calculate D2E/DX2 analytically  !
 ! A19   A(5,4,13)             109.2572         calculate D2E/DX2 analytically  !
 ! A20   A(5,4,14)             110.0115         calculate D2E/DX2 analytically  !
 ! A21   A(13,4,14)            106.6754         calculate D2E/DX2 analytically  !
 ! A22   A(4,5,6)              110.9035         calculate D2E/DX2 analytically  !
 ! A23   A(4,5,15)             110.2942         calculate D2E/DX2 analytically  !
 ! A24   A(4,5,16)             110.8442         calculate D2E/DX2 analytically  !
 ! A25   A(6,5,15)             108.9192         calculate D2E/DX2 analytically  !
 ! A26   A(6,5,16)             108.3083         calculate D2E/DX2 analytically  !
 ! A27   A(15,5,16)            107.4727         calculate D2E/DX2 analytically  !
 ! A28   A(5,6,17)             109.7306         calculate D2E/DX2 analytically  !
 ! A29   A(5,6,18)             109.7477         calculate D2E/DX2 analytically  !
 ! A30   A(17,6,18)            105.9459         calculate D2E/DX2 analytically  !
 ! D1    D(7,1,2,3)            -57.9652         calculate D2E/DX2 analytically  !
 ! D2    D(7,1,2,9)           -179.5249         calculate D2E/DX2 analytically  !
 ! D3    D(7,1,2,10)            63.8768         calculate D2E/DX2 analytically  !
 ! D4    D(8,1,2,3)             58.0658         calculate D2E/DX2 analytically  !
 ! D5    D(8,1,2,9)            -63.4939         calculate D2E/DX2 analytically  !
 ! D6    D(8,1,2,10)           179.9078         calculate D2E/DX2 analytically  !
 ! D7    D(1,2,3,4)           -176.1426         calculate D2E/DX2 analytically  !
 ! D8    D(1,2,3,11)            61.0275         calculate D2E/DX2 analytically  !
 ! D9    D(1,2,3,12)           -55.7625         calculate D2E/DX2 analytically  !
 ! D10   D(9,2,3,4)            -55.393          calculate D2E/DX2 analytically  !
 ! D11   D(9,2,3,11)          -178.2229         calculate D2E/DX2 analytically  !
 ! D12   D(9,2,3,12)            64.9871         calculate D2E/DX2 analytically  !
 ! D13   D(10,2,3,4)            63.5109         calculate D2E/DX2 analytically  !
 ! D14   D(10,2,3,11)          -59.3191         calculate D2E/DX2 analytically  !
 ! D15   D(10,2,3,12)         -176.1091         calculate D2E/DX2 analytically  !
 ! D16   D(2,3,4,5)            -66.1371         calculate D2E/DX2 analytically  !
 ! D17   D(2,3,4,13)           172.7577         calculate D2E/DX2 analytically  !
 ! D18   D(2,3,4,14)            56.9984         calculate D2E/DX2 analytically  !
 ! D19   D(11,3,4,5)            56.9984         calculate D2E/DX2 analytically  !
 ! D20   D(11,3,4,13)          -64.1069         calculate D2E/DX2 analytically  !
 ! D21   D(11,3,4,14)         -179.8661         calculate D2E/DX2 analytically  !
 ! D22   D(12,3,4,5)           172.7577         calculate D2E/DX2 analytically  !
 ! D23   D(12,3,4,13)           51.6524         calculate D2E/DX2 analytically  !
 ! D24   D(12,3,4,14)          -64.1068         calculate D2E/DX2 analytically  !
 ! D25   D(3,4,5,6)           -176.1426         calculate D2E/DX2 analytically  !
 ! D26   D(3,4,5,15)           -55.393          calculate D2E/DX2 analytically  !
 ! D27   D(3,4,5,16)            63.5108         calculate D2E/DX2 analytically  !
 ! D28   D(13,4,5,6)           -55.7626         calculate D2E/DX2 analytically  !
 ! D29   D(13,4,5,15)           64.987          calculate D2E/DX2 analytically  !
 ! D30   D(13,4,5,16)         -176.1091         calculate D2E/DX2 analytically  !
 ! D31   D(14,4,5,6)            61.0274         calculate D2E/DX2 analytically  !
 ! D32   D(14,4,5,15)         -178.223          calculate D2E/DX2 analytically  !
 ! D33   D(14,4,5,16)          -59.3192         calculate D2E/DX2 analytically  !
 ! D34   D(4,5,6,17)           -57.9649         calculate D2E/DX2 analytically  !
 ! D35   D(4,5,6,18)            58.066          calculate D2E/DX2 analytically  !
 ! D36   D(15,5,6,17)         -179.5247         calculate D2E/DX2 analytically  !
 ! D37   D(15,5,6,18)          -63.4938         calculate D2E/DX2 analytically  !
 ! D38   D(16,5,6,17)           63.8771         calculate D2E/DX2 analytically  !
 ! D39   D(16,5,6,18)          179.9081         calculate D2E/DX2 analytically  !
 --------------------------------------------------------------------------------
 Trust Radius=3.00D-01 FncErr=1.00D-07 GrdErr=1.00D-06 EigMax=2.50D+02 EigMin=1.00D-04
 Number of steps in this run=     96 maximum allowed number of steps=    108.
 GradGradGradGradGradGradGradGradGradGradGradGradGradGradGradGradGradGrad

                          Input orientation:                          
 ---------------------------------------------------------------------
 Center     Atomic      Atomic             Coordinates (Angstroms)
 Number     Number       Type             X           Y           Z
 ---------------------------------------------------------------------
      1          7           0       -2.945775    0.050947    0.365869
      2          6           0       -1.540711   -0.312564    0.514104
      3          6           0       -0.721671    0.176824   -0.680544
      4          6           0        0.746556   -0.257990   -0.625549
      5          6           0        1.520826    0.377421    0.529556
      6          7           0        2.929642    0.001672    0.480874
      7          1           0       -3.031376    1.062351    0.270079
      8          1           0       -3.314535   -0.344447   -0.498412
      9          1           0       -1.463451   -1.401048    0.607312
     10          1           0       -1.169186    0.124135    1.445951
     11          1           0       -0.776632    1.270505   -0.750767
     12          1           0       -1.158260   -0.220571   -1.605989
     13          1           0        1.218882    0.022842   -1.575825
     14          1           0        0.801563   -1.351821   -0.557738
     15          1           0        1.442653    1.468886    0.484332
     16          1           0        1.113181    0.058535    1.493513
     17          1           0        3.016432   -1.013607    0.514310
     18          1           0        3.331864    0.287930   -0.411077
 ---------------------------------------------------------------------
                    Distance matrix (angstroms):
                    1          2          3          4          5
     1  N    0.000000
     2  C    1.458876   0.000000
     3  C    2.461191   1.528892   0.000000
     4  C    3.835578   2.556047   1.532246   0.000000
     5  C    4.481507   3.138364   2.556047   1.528892   0.000000
     6  N    5.876749   4.481507   3.835578   2.461192   1.458876
     7  H    1.019530   2.042553   2.650015   4.101002   4.610749
     8  H    1.019462   2.042708   2.651007   4.064000   4.995851
     9  H    2.088987   1.095195   2.167600   2.776807   3.474897
    10  H    2.080434   1.094110   2.173713   2.847314   2.853086
    11  H    2.727522   2.165600   1.097310   2.161499   2.777615
    12  H    2.675287   2.156276   1.097717   2.142658   3.477880
    13  H    4.595142   3.477881   2.142659   1.097717   2.156276
    14  H    4.106501   2.777616   2.161499   1.097310   2.165601
    15  H    4.613337   3.474897   2.776807   2.167600   1.095196
    16  H    4.212691   2.853086   2.847314   2.173713   1.094110
    17  H    6.058318   4.610750   4.101002   2.650014   2.042554
    18  H    6.329973   4.995853   4.064002   2.651009   2.042708
                    6          7          8          9         10
     6  N    0.000000
     7  H    6.058318   0.000000
     8  H    6.329972   1.627833   0.000000
     9  H    4.613337   2.939464   2.401154   0.000000
    10  H    4.212690   2.393884   2.933026   1.765245   0.000000
    11  H    4.106501   2.483812   3.018725   3.074620   2.508751
    12  H    4.595142   2.945180   2.427261   2.526928   3.071365
    13  H    2.675287   4.748962   4.674140   3.740115   3.852825
    14  H    2.727523   4.604881   4.237993   2.547559   3.174440
    15  H    2.088987   4.497567   5.185055   4.086207   3.091078
    16  H    2.080433   4.436417   4.871840   3.091078   2.283804
    17  H    1.019530   6.398846   6.446280   4.497567   4.436418
    18  H    1.019462   6.446280   6.676987   5.185057   4.871841
                   11         12         13         14         15
    11  H    0.000000
    12  H    1.760782   0.000000
    13  H    2.493885   2.389762   0.000000
    14  H    3.066684   2.493885   1.760782   0.000000
    15  H    2.547558   3.740114   2.526928   3.074621   0.000000
    16  H    3.174439   3.852825   3.071365   2.508753   1.765245
    17  H    4.604880   4.748961   2.945179   2.483812   2.939465
    18  H    4.237993   4.674142   2.427263   3.018728   2.401153
                   16         17         18
    16  H    0.000000
    17  H    2.393886   0.000000
    18  H    2.933026   1.627832   0.000000
 Stoichiometry    C4H12N2
 Framework group  C1[X(C4H12N2)]
 Deg. of freedom    48
 Full point group                 C1      NOp   1
 Largest Abelian subgroup         C1      NOp   1
 Largest concise Abelian subgroup C1      NOp   1
                         Standard orientation:                         
 ---------------------------------------------------------------------
 Center     Atomic      Atomic             Coordinates (Angstroms)
 Number     Number       Type             X           Y           Z
 ---------------------------------------------------------------------
      1          7           0        2.937985   -0.348740   -0.047873
      2          6           0        1.533319   -0.447406    0.333567
      3          6           0        0.732762    0.729949   -0.223617
      4          6           0       -0.732762    0.729950    0.223616
      5          6           0       -1.533318   -0.447406   -0.333567
      6          7           0       -2.937985   -0.348740    0.047873
      7          1           0        3.017380   -0.317499   -1.063827
      8          1           0        3.325824    0.531230    0.290559
      9          1           0        1.462918   -0.471448    1.426233
     10          1           0        1.141134   -1.397309   -0.041870
     11          1           0        0.780401    0.731157   -1.319891
     12          1           0        1.189568    1.669789    0.112556
     13          1           0       -1.189568    1.669789   -0.112557
     14          1           0       -0.780401    0.731160    1.319891
     15          1           0       -1.462918   -0.471449   -1.426233
     16          1           0       -1.141134   -1.397309    0.041871
     17          1           0       -3.017380   -0.317495    1.063827
     18          1           0       -3.325826    0.531228   -0.290562
 ---------------------------------------------------------------------
 Rotational constants (GHZ):          10.7896445           1.3414303           1.2776305
 Standard basis: 6-31G(d,p) (6D, 7F)
 There are   150 symmetry adapted cartesian basis functions of A   symmetry.
 There are   150 symmetry adapted basis functions of A   symmetry.
   150 basis functions,   252 primitive gaussians,   150 cartesian basis functions
    25 alpha electrons       25 beta electrons
       nuclear repulsion energy       250.8695279086 Hartrees.
 NAtoms=   18 NActive=   18 NUniq=   18 SFac= 1.00D+00 NAtFMM=   60 NAOKFM=F Big=F
 Integral buffers will be    131072 words long.
 Raffenetti 2 integral format.
 Two-electron integral symmetry is turned on.
 Force inversion solution in PCM.
 ------------------------------------------------------------------------------
 Polarizable Continuum Model (PCM)
 =================================
 Model                : PCM.
 Atomic radii         : UFF (Universal Force Field).
 Polarization charges : Total charges.
 Charge compensation  : None.
 Solution method      : Matrix inversion.
 Cavity type          : Scaled VdW (van der Waals Surface) (Alpha=1.100).
 Cavity algorithm     : GePol (No added spheres)
                        Default sphere list used, NSphG=   18.
                        Lebedev-Laikov grids with approx.  5.0 points / Ang**2.
                        Smoothing algorithm: York/Karplus (Gamma=1.0000).
                        Polarization charges: spherical gaussians, with
                                              point-specific exponents (IZeta= 3).
                        Self-potential: point-specific (ISelfS= 7).
                        Self-field    : sphere-specific E.n sum rule (ISelfD= 2).
 1st derivatives      : Analytical E(r).r(x)/FMM algorithm (CHGder, D1EAlg=3).
                        Cavity 1st derivative terms included.
 2nd derivatives      : Analytical E(r).r(xy)/FMM algorithm (CHGder, D2EAlg=3).
                        Cavity 2nd derivative terms included.
 Solvent              : Water, Eps=  78.355300 Eps(inf)=   1.777849
 ------------------------------------------------------------------------------
 Spheres list:
 ISph  on   Nord     Re0    Alpha      Xe            Ye            Ze
    1   N      1    1.8300  1.100      2.937985     -0.348740     -0.047873
    2   C      2    1.9255  1.100      1.533319     -0.447406      0.333567
    3   C      3    1.9255  1.100      0.732762      0.729949     -0.223617
    4   C      4    1.9255  1.100     -0.732762      0.729950      0.223616
    5   C      5    1.9255  1.100     -1.533318     -0.447406     -0.333567
    6   N      6    1.8300  1.100     -2.937985     -0.348740      0.047873
    7   H      7    1.4430  1.100      3.017380     -0.317499     -1.063827
    8   H      8    1.4430  1.100      3.325824      0.531230      0.290559
    9   H      9    1.4430  1.100      1.462918     -0.471448      1.426233
   10   H     10    1.4430  1.100      1.141134     -1.397309     -0.041870
   11   H     11    1.4430  1.100      0.780401      0.731157     -1.319891
   12   H     12    1.4430  1.100      1.189568      1.669789      0.112556
   13   H     13    1.4430  1.100     -1.189568      1.669789     -0.112557
   14   H     14    1.4430  1.100     -0.780401      0.731160      1.319891
   15   H     15    1.4430  1.100     -1.462918     -0.471449     -1.426233
   16   H     16    1.4430  1.100     -1.141134     -1.397309      0.041871
   17   H     17    1.4430  1.100     -3.017380     -0.317495      1.063827
   18   H     18    1.4430  1.100     -3.325826      0.531228     -0.290562
 ------------------------------------------------------------------------------
 One-electron integrals computed using PRISM.
 NBasis=   150 RedAO= T EigKep=  3.14D-03  NBF=   150
 NBsUse=   150 1.00D-06 EigRej= -1.00D+00 NBFU=   150
 ExpMin= 1.61D-01 ExpMax= 4.17D+03 ExpMxC= 6.27D+02 IAcc=3 IRadAn=         5 AccDes= 0.00D+00
 Harris functional with IExCor=  402 and IRadAn=       5 diagonalized for initial guess.
 HarFok:  IExCor=  402 AccDes= 0.00D+00 IRadAn=         5 IDoV= 1 UseB2=F ITyADJ=14
 ICtDFT=  3500011 ScaDFX=  1.000000  1.000000  1.000000  1.000000
 FoFCou: FMM=F IPFlag=           0 FMFlag=      100000 FMFlg1=           0
         NFxFlg=           0 DoJE=T BraDBF=F KetDBF=T FulRan=T
         wScrn=  0.000000 ICntrl=       500 IOpCl=  0 I1Cent=   200000004 NGrid=           0
         NMat0=    1 NMatS0=      1 NMatT0=    0 NMatD0=    1 NMtDS0=    0 NMtDT0=    0
 Petite list used in FoFCou.
 Keep R1 ints in memory in canonical form, NReq=67061194.
 Requested convergence on RMS density matrix=1.00D-08 within  32 cycles.
 Requested convergence on MAX density matrix=1.00D-06.
 Requested convergence on             energy=1.00D-06.
 No special actions if energy rises.
 Inv3:  Mode=1 IEnd=     5101248.
 Iteration    1 A*A^-1 deviation from unit magnitude is 5.44D-15 for    842.
 Iteration    1 A*A^-1 deviation from orthogonality  is 3.05D-15 for    649     55.
 Iteration    1 A^-1*A deviation from unit magnitude is 5.33D-15 for    365.
 Iteration    1 A^-1*A deviation from orthogonality  is 2.44D-15 for    513    122.
 Error on total polarization charges =  0.00770
 SCF Done:  E(RB3LYP) =  -269.166107048     A.U. after   10 cycles
            NFock= 10  Conv=0.27D-08     -V/T= 2.0094
 QCSCF skips out because SCF is already converged.
 DoSCS=F DFT=T ScalE2(SS,OS)=  1.000000  1.000000
 Range of M.O.s used for correlation:     1   150
 NBasis=   150 NAE=    25 NBE=    25 NFC=     0 NFV=     0
 NROrb=    150 NOA=    25 NOB=    25 NVA=   125 NVB=   125
 Symmetrizing basis deriv contribution to polar:
 IMax=3 JMax=2 DiffMx= 0.00D+00
 G2DrvN: will do    19 centers at a time, making    1 passes.
 Calling FoFCou, ICntrl=  3107 FMM=F I1Cent=   0 AccDes= 0.00D+00.
 NEqPCM:  Using equilibrium solvation (IEInf=0, Eps=  78.3553, EpsInf=   1.7778)
 G2PCM: DoFxE=T DoFxN=T DoGrad=T DoDP/DQ/DG/TGxP=FFFF NFrqRd=   0 IEInf=0 SqF1=F DoCFld=F IF1Alg=4.
 End of G2Drv F.D. properties file   721 does not exist.
 End of G2Drv F.D. properties file   722 does not exist.
 End of G2Drv F.D. properties file   788 does not exist.
          IDoAtm=111111111111111111
 NEqPCM:  Using equilibrium solvation (IEInf=0, Eps=  78.3553, EpsInf=   1.7778)
          Differentiating once with respect to nuclear coordinates.
 Keep R1 ints in memory in canonical form, NReq=69415698.
          There are    57 degrees of freedom in the 1st order CPHF.  IDoFFX=6 NUNeed=     0.
     51 vectors produced by pass  0 Test12= 5.48D-15 1.75D-09 XBig12= 6.97D-02 5.52D-02.
 AX will form    51 AO Fock derivatives at one time.
     51 vectors produced by pass  1 Test12= 5.48D-15 1.75D-09 XBig12= 9.01D-03 1.55D-02.
     51 vectors produced by pass  2 Test12= 5.48D-15 1.75D-09 XBig12= 2.08D-04 1.54D-03.
     51 vectors produced by pass  3 Test12= 5.48D-15 1.75D-09 XBig12= 8.97D-07 1.08D-04.
     51 vectors produced by pass  4 Test12= 5.48D-15 1.75D-09 XBig12= 7.67D-10 3.51D-06.
     18 vectors produced by pass  5 Test12= 5.48D-15 1.75D-09 XBig12= 4.34D-13 8.26D-08.
 InvSVY:  IOpt=1 It=  1 EMax= 4.44D-16
 Solved reduced A of dimension   273 with    57 vectors.
 End of Minotr F.D. properties file   721 does not exist.
 End of Minotr F.D. properties file   722 does not exist.
 End of Minotr F.D. properties file   788 does not exist.

 **********************************************************************

            Population analysis using the SCF density.

 **********************************************************************

 Orbital symmetries:
       Occupied  (A) (A) (A) (A) (A) (A) (A) (A) (A) (A) (A) (A)
                 (A) (A) (A) (A) (A) (A) (A) (A) (A) (A) (A) (A)
                 (A)
       Virtual   (A) (A) (A) (A) (A) (A) (A) (A) (A) (A) (A) (A)
                 (A) (A) (A) (A) (A) (A) (A) (A) (A) (A) (A) (A)
                 (A) (A) (A) (A) (A) (A) (A) (A) (A) (A) (A) (A)
                 (A) (A) (A) (A) (A) (A) (A) (A) (A) (A) (A) (A)
                 (A) (A) (A) (A) (A) (A) (A) (A) (A) (A) (A) (A)
                 (A) (A) (A) (A) (A) (A) (A) (A) (A) (A) (A) (A)
                 (A) (A) (A) (A) (A) (A) (A) (A) (A) (A) (A) (A)
                 (A) (A) (A) (A) (A) (A) (A) (A) (A) (A) (A) (A)
                 (A) (A) (A) (A) (A) (A) (A) (A) (A) (A) (A) (A)
                 (A) (A) (A) (A) (A) (A) (A) (A) (A) (A) (A) (A)
                 (A) (A) (A) (A) (A)
 The electronic state is 1-A.
 Alpha  occ. eigenvalues --  -14.30485 -14.30485 -10.19873 -10.19872 -10.17048
 Alpha  occ. eigenvalues --  -10.17027  -0.87797  -0.87273  -0.76523  -0.67264
 Alpha  occ. eigenvalues --   -0.62119  -0.57105  -0.49487  -0.49051  -0.44326
 Alpha  occ. eigenvalues --   -0.43360  -0.40898  -0.39765  -0.37694  -0.35899
 Alpha  occ. eigenvalues --   -0.35243  -0.32672  -0.32655  -0.23205  -0.22243
 Alpha virt. eigenvalues --    0.08772   0.09031   0.11674   0.12144   0.12319
 Alpha virt. eigenvalues --    0.16110   0.17073   0.18301   0.19985   0.20232
 Alpha virt. eigenvalues --    0.20382   0.21067   0.25786   0.25797   0.27352
 Alpha virt. eigenvalues --    0.27434   0.29581   0.52656   0.52697   0.55234
 Alpha virt. eigenvalues --    0.55383   0.57658   0.61476   0.61991   0.66949
 Alpha virt. eigenvalues --    0.68330   0.69770   0.72418   0.72489   0.72504
 Alpha virt. eigenvalues --    0.74141   0.80480   0.80703   0.83544   0.85729
 Alpha virt. eigenvalues --    0.86356   0.89882   0.89968   0.90387   0.90692
 Alpha virt. eigenvalues --    0.93453   0.93655   0.95497   0.96332   0.97751
 Alpha virt. eigenvalues --    0.99932   1.06732   1.12135   1.26476   1.30098
 Alpha virt. eigenvalues --    1.31138   1.40321   1.41562   1.42719   1.45475
 Alpha virt. eigenvalues --    1.57640   1.61403   1.62318   1.68524   1.73027
 Alpha virt. eigenvalues --    1.73113   1.78279   1.82209   1.84889   1.87287
 Alpha virt. eigenvalues --    1.90017   1.96284   1.96603   1.99112   2.00566
 Alpha virt. eigenvalues --    2.08832   2.09954   2.14404   2.14601   2.20185
 Alpha virt. eigenvalues --    2.22476   2.22957   2.23531   2.24894   2.26507
 Alpha virt. eigenvalues --    2.27154   2.27863   2.31476   2.34546   2.35257
 Alpha virt. eigenvalues --    2.35907   2.42563   2.46531   2.53041   2.55688
 Alpha virt. eigenvalues --    2.58691   2.62547   2.64730   2.70126   2.71305
 Alpha virt. eigenvalues --    2.72482   2.75227   2.77755   2.81172   2.85288
 Alpha virt. eigenvalues --    2.90429   2.91587   2.92573   2.93362   2.95333
 Alpha virt. eigenvalues --    2.98867   3.01195   3.23489   3.26734   3.28998
 Alpha virt. eigenvalues --    3.31288   3.31915   3.33977   3.39062   3.39140
 Alpha virt. eigenvalues --    3.49889   3.56870   3.59545   3.60095   3.97703
 Alpha virt. eigenvalues --    4.04613   4.34086   4.46495   4.61136   4.72023
          Condensed to atoms (all electrons):
               1          2          3          4          5          6
     1  N    6.770377   0.316817  -0.071418   0.006043   0.000079   0.000000
     2  C    0.316817   4.791040   0.388270  -0.039619  -0.004683   0.000079
     3  C   -0.071418   0.388270   5.034906   0.281079  -0.039619   0.006043
     4  C    0.006043  -0.039619   0.281079   5.034905   0.388270  -0.071418
     5  C    0.000079  -0.004683  -0.039619   0.388270   4.791040   0.316817
     6  N    0.000000   0.000079   0.006043  -0.071418   0.316817   6.770377
     7  H    0.348048  -0.045814  -0.002563   0.000129  -0.000025  -0.000000
     8  H    0.347566  -0.046280  -0.002721   0.000073   0.000008  -0.000000
     9  H   -0.036558   0.387007  -0.047201  -0.001221  -0.000716  -0.000010
    10  H   -0.036356   0.388487  -0.045781  -0.001559   0.002337  -0.000059
    11  H   -0.000474  -0.039917   0.379660  -0.035590  -0.007999   0.000095
    12  H   -0.001958  -0.040253   0.368478  -0.023009   0.004492  -0.000184
    13  H   -0.000184   0.004492  -0.023009   0.368478  -0.040253  -0.001958
    14  H    0.000095  -0.007999  -0.035590   0.379660  -0.039917  -0.000474
    15  H   -0.000010  -0.000716  -0.001221  -0.047201   0.387007  -0.036558
    16  H   -0.000059   0.002337  -0.001559  -0.045781   0.388487  -0.036356
    17  H   -0.000000  -0.000025   0.000129  -0.002563  -0.045814   0.348048
    18  H   -0.000000   0.000008   0.000073  -0.002721  -0.046280   0.347566
               7          8          9         10         11         12
     1  N    0.348048   0.347566  -0.036558  -0.036356  -0.000474  -0.001958
     2  C   -0.045814  -0.046280   0.387007   0.388487  -0.039917  -0.040253
     3  C   -0.002563  -0.002721  -0.047201  -0.045781   0.379660   0.368478
     4  C    0.000129   0.000073  -0.001221  -0.001559  -0.035590  -0.023009
     5  C   -0.000025   0.000008  -0.000716   0.002337  -0.007999   0.004492
     6  N   -0.000000  -0.000000  -0.000010  -0.000059   0.000095  -0.000184
     7  H    0.480783  -0.034404   0.006522  -0.005542   0.005585  -0.000384
     8  H   -0.034404   0.481602  -0.005573   0.006569  -0.000464   0.006607
     9  H    0.006522  -0.005573   0.626626  -0.038112   0.005910  -0.005582
    10  H   -0.005542   0.006569  -0.038112   0.622401  -0.006122   0.005854
    11  H    0.005585  -0.000464   0.005910  -0.006122   0.639194  -0.039392
    12  H   -0.000384   0.006607  -0.005582   0.005854  -0.039392   0.647558
    13  H    0.000001  -0.000011  -0.000069  -0.000152  -0.003594  -0.006175
    14  H    0.000019   0.000008   0.005856  -0.000132   0.006048  -0.003594
    15  H    0.000002   0.000001   0.000081   0.000369   0.005856  -0.000069
    16  H    0.000011  -0.000003   0.000369   0.001004  -0.000132  -0.000152
    17  H   -0.000000   0.000000   0.000002   0.000011   0.000019   0.000001
    18  H    0.000000  -0.000000   0.000001  -0.000003   0.000008  -0.000011
              13         14         15         16         17         18
     1  N   -0.000184   0.000095  -0.000010  -0.000059  -0.000000  -0.000000
     2  C    0.004492  -0.007999  -0.000716   0.002337  -0.000025   0.000008
     3  C   -0.023009  -0.035590  -0.001221  -0.001559   0.000129   0.000073
     4  C    0.368478   0.379660  -0.047201  -0.045781  -0.002563  -0.002721
     5  C   -0.040253  -0.039917   0.387007   0.388487  -0.045814  -0.046280
     6  N   -0.001958  -0.000474  -0.036558  -0.036356   0.348048   0.347566
     7  H    0.000001   0.000019   0.000002   0.000011  -0.000000   0.000000
     8  H   -0.000011   0.000008   0.000001  -0.000003   0.000000  -0.000000
     9  H   -0.000069   0.005856   0.000081   0.000369   0.000002   0.000001
    10  H   -0.000152  -0.000132   0.000369   0.001004   0.000011  -0.000003
    11  H   -0.003594   0.006048   0.005856  -0.000132   0.000019   0.000008
    12  H   -0.006175  -0.003594  -0.000069  -0.000152   0.000001  -0.000011
    13  H    0.647558  -0.039392  -0.005582   0.005854  -0.000384   0.006607
    14  H   -0.039392   0.639194   0.005910  -0.006122   0.005585  -0.000464
    15  H   -0.005582   0.005910   0.626626  -0.038112   0.006522  -0.005573
    16  H    0.005854  -0.006122  -0.038112   0.622401  -0.005542   0.006569
    17  H   -0.000384   0.005585   0.006522  -0.005542   0.480783  -0.034404
    18  H    0.006607  -0.000464  -0.005573   0.006569  -0.034404   0.481602
 Mulliken charges:
               1
     1  N   -0.642006
     2  C   -0.053230
     3  C   -0.187956
     4  C   -0.187956
     5  C   -0.053230
     6  N   -0.642006
     7  H    0.247633
     8  H    0.247023
     9  H    0.102669
    10  H    0.106786
    11  H    0.091309
    12  H    0.087774
    13  H    0.087774
    14  H    0.091309
    15  H    0.102669
    16  H    0.106786
    17  H    0.247633
    18  H    0.247023
 Sum of Mulliken charges =  -0.00000
 Mulliken charges with hydrogens summed into heavy atoms:
               1
     1  N   -0.147350
     2  C    0.156224
     3  C   -0.008874
     4  C   -0.008874
     5  C    0.156224
     6  N   -0.147351
 APT charges:
               1
     1  N   -1.100436
     2  C   -0.522706
     3  C   -0.670046
     4  C   -0.670047
     5  C   -0.522706
     6  N   -1.100437
     7  H    0.463561
     8  H    0.547854
     9  H    0.332504
    10  H    0.266552
    11  H    0.305569
    12  H    0.377149
    13  H    0.377149
    14  H    0.305569
    15  H    0.332504
    16  H    0.266552
    17  H    0.463561
    18  H    0.547855
 Sum of APT charges =  -0.00000
 APT charges with hydrogens summed into heavy atoms:
               1
     1  N   -0.089021
     2  C    0.076350
     3  C    0.012671
     4  C    0.012671
     5  C    0.076350
     6  N   -0.089021
 Electronic spatial extent (au):  <R**2>=            954.1441
 Charge=             -0.0000 electrons
 Dipole moment (field-independent basis, Debye):
    X=             -0.0000    Y=              2.6400    Z=             -0.0000  Tot=              2.6400
 Quadrupole moment (field-independent basis, Debye-Ang):
   XX=            -48.1367   YY=            -40.9983   ZZ=            -36.6225
   XY=             -0.0000   XZ=             -4.4949   YZ=              0.0000
 Traceless Quadrupole moment (field-independent basis, Debye-Ang):
   XX=             -6.2176   YY=              0.9209   ZZ=              5.2967
   XY=             -0.0000   XZ=             -4.4949   YZ=              0.0000
 Octapole moment (field-independent basis, Debye-Ang**2):
  XXX=             -0.0001  YYY=              2.1202  ZZZ=             -0.0000  XYY=              0.0000
  XXY=             38.1837  XXZ=             -0.0001  XZZ=             -0.0000  YZZ=             -0.7021
  YYZ=             -0.0000  XYZ=              5.4895
 Hexadecapole moment (field-independent basis, Debye-Ang**3):
 XXXX=          -1114.5311 YYYY=           -146.5548 ZZZZ=            -84.6649 XXXY=             -0.0001
 XXXZ=            -52.4616 YYYX=             -0.0000 YYYZ=              0.0000 ZZZX=            -11.2469
 ZZZY=              0.0000 XXYY=           -208.8861 XXZZ=           -157.1523 YYZZ=            -40.5808
 XXYZ=              0.0001 YYXZ=             -1.5606 ZZXY=             -0.0000
 N-N= 2.508695279086D+02 E-N=-1.126050992425D+03  KE= 2.666471650594D+02
  Exact polarizability:   0.000   0.000   0.000   0.000   0.000   0.000
 Approx polarizability:  78.102  -0.000  72.819  -1.976   0.000  78.001
 D2PCM: PCM CHGder 2nd derivatives, FixD1E=F FixD2E=F DoIter=F DoCFld=F I1PDM=0
 Calling FoFJK, ICntrl=    100147 FMM=F ISym2X=0 I1Cent= 0 IOpClX= 0 NMat=1 NMatS=1 NMatT=0.
 ***** Axes restored to original set *****
 -------------------------------------------------------------------
 Center     Atomic                   Forces (Hartrees/Bohr)
 Number     Number              X              Y              Z
 -------------------------------------------------------------------
      1        7          -0.014575334   -0.002252052    0.009098782
      2        6          -0.004363594    0.008367003   -0.010689820
      3        6           0.010448984   -0.008249608   -0.001374624
      4        6          -0.010369666    0.007991399   -0.002780806
      5        6           0.004746573   -0.009615296   -0.009398586
      6        7           0.014224790    0.003394913    0.009296622
      7        1           0.000931589   -0.001604892   -0.000837296
      8        1           0.001599376    0.001316164    0.000453158
      9        1           0.000344975   -0.001120926    0.000432292
     10        1           0.000188251   -0.000479633    0.001096703
     11        1          -0.001290905    0.000870028    0.000914749
     12        1          -0.003300729    0.000404814    0.000886005
     13        1           0.003263617   -0.000284314    0.001054118
     14        1           0.001253192   -0.000746968    0.001063785
     15        1          -0.000358509    0.001164874    0.000276770
     16        1          -0.000228659    0.000611159    0.001020924
     17        1          -0.000895458    0.001486975   -0.001064168
     18        1          -0.001618493   -0.001253640    0.000551391
 -------------------------------------------------------------------
